Noida time  :  GMT+5.5
Atlanta time:  GMT-4 now until Nov 2013. Afterwards, GMT-5
San Fran time: GMT-7 '' GMT-8

Mo Mohit
Ra Rahul
Sa Shakir
Su Sunil
Bu Bulent
Sm Sumit is available at all 25 hours (;-)

Disjoint intervals (Noida)   
=========== Mo Ra Sm Su Bu Sa
0630 - 0700 1             
0700 - 0830 1     1     1    
0830 - 0900 1     1     1  1 
0900 - 0930 1  1  1     1  1    <- All but one can meet
0930 - 1130 1  1  1  1     1    <- All but one
1130 - 1430 1  1  1  1       
1430 - 1600 1  1  1  1  1       <- All but one
1600 - 1700 1  1  1  1       
1700 - 1800    1  1  1       
1800 - 1830       1
1830 - 2030       1     1    
2030 - 2200       1     1  1 
2200 - 2300 1  1  1  1  1  1    <- We can all meet.
2300 - 2400 1           1  1 
2400 - 0230             1  1 
0230 - 0630                1

Original data
Noida         Atlanta    
===========   ==========
0630 - 1700   2100 - 0730 Mo
2200 - 2400   1230 - 1430 Mo

2030 - 0630   1100 - 2100 Sa
0830 - 1130   2300 - 0200 Sa

0900 - 1800   2330 - 0830 Ra
2200 - 2300   1230 - 1330 Ra

0700 - 2300   2130 - 1330 Sm

0930 - 1800   2400 - 0830 Su
2200 - 2300   1230 - 1330 Su

1430 - 1600   0500 - 0630 Bu
1830 - 0230   0900 - 1700 Bu
0700 - 0930   2130 - 2400 Bu

Sorted
Noida         Atlanta    
===========   ==========
0630 - 1700   2100 - 0730 Mo
0700 - 0930   2130 - 2400 Bu
0700 - 2300   2130 - 1330 Sm
0830 - 1130   2300 - 0200 Sa
0900 - 1800   2330 - 0830 Ra
0930 - 1800   2400 - 0830 Su
1430 - 1600   0500 - 0630 Bu
1830 - 0230   0900 - 1700 Bu
2030 - 0630   1100 - 2100 Sa
2200 - 2300   1230 - 1330 Ra
2200 - 2300   1230 - 1330 Su
2200 - 2400   1230 - 1430 Mo
